0 204147624160
1 97525233984
2 73046839008
3 60241491808
4 54020793376
5 50917580688
6 49371045023
7 46351253544
8 43223999768
9 40005646880
10 38879520192
11 37634020416
12 36409479888
13 35671313536
14 34642791056
15 33809448704
16 32973649105
17 31966100576
18 31290667184
19 30740019072
20 30004987648
21 29349119440
22 28618130240
23 27912525394
24 27130383624
25 26412250272
26 25671447304
27 25233353704
28 24785974784
29 24349876368
30 24120337904
31 23863675085
32 23195647312
33 22580069872
34 22005601360
35 21567552952
36 21172489944
37 20733768256
38 20373981080
39 20046999040
40 19682092768
41 19366656256
42 19057434208
43 18757670688
44 18450364979
45 18118269440
46 17800350336
47 17483928944
48 17190441088
49 16905963040
50 16685759632
51 16382142304
52 16115103024
53 15853486816
54 15591692800
55 15406930000
56 15228263680
57 15036760688
58 14850902528
59 14635195680
60 14375920416
61 14109977672
62 13784172224
63 13442361256
64 13020331136
65 12614371616
66 12222546576
67 11832946776
68 11366697504
69 10846580896
70 10391153216
71 10007433864
72 9556401368
73 9166875424
74 8830290096
75 8503952416
76 8161347480
77 7917072304
78 7666478752
79 7417186120
80 7261329848
81 6952738208
82 6689240672
83 6512140048
84 6362469936
85 6216619824
86 6053358352
87 5876465008
88 5706089040
89 5541292568
90 5368713968
91 5177478256
92 4955497248
93 4632290816
94 4302401536
95 4009841320
96 3733048224
97 3398963712
98 2636995440
99 1281152088
